2 
5 
1 X
3 
2 X
5 X
6 
10 
3 X
7 
6 X
8 
7 X
9 
8 X
3 X
11 
10 X
12 
11 X
13 
12 X
3 X
4 
1 X
5 X
1
2
3
6--------
6
7
8
9
10--------
10
11
12
13
5
4
1 1
2 2
3 1
6#############
6 2
7 1
8 2
9 1
	*** 9 1 1
9 0
	*** 9 0 0
9 2
	*** 9 2 0
	8 2 1
	7 1 1
7 0
8 1
9 2
	*** 9 2 0
	8 1 1
8 2
9 1
	*** 9 1 1
9 0
	*** 9 0 0
9 2
	*** 9 2 0
	8 2 1
	7 0 1
7 2
8 1
9 2
	*** 9 2 0
	8 1 1
8 0
9 1
	*** 9 1 1
9 2
	*** 9 2 0
	8 0 1
8 2
9 1
	*** 9 1 1
9 0
	*** 9 0 0
9 2
	*** 9 2 0
	8 2 1
	7 2 2
	6 2 2
6 2
7 1
8 2
9 1
	*** 9 1 1
9 0
	*** 9 0 0
9 2
	*** 9 2 0
	8 2 1
	7 1 1
7 0
8 1
9 2
	*** 9 2 0
	8 1 1
8 2
9 1
	*** 9 1 1
9 0
	*** 9 0 0
9 2
	*** 9 2 0
	8 2 1
	7 0 1
7 2
8 1
9 2
	*** 9 2 0
	8 1 1
8 0
9 1
	*** 9 1 1
9 2
	*** 9 2 0
	8 0 1
8 2
9 1
	*** 9 1 1
9 0
	*** 9 0 0
9 2
	*** 9 2 0
	8 2 1
	7 2 2
	6 2 2
6 1
7 2
8 1
9 2
	*** 9 2 0
	8 1 1
8 0
9 1
	*** 9 1 1
9 2
	*** 9 2 0
	8 0 1
8 2
9 1
	*** 9 1 1
9 0
	*** 9 0 0
9 2
	*** 9 2 0
	8 2 1
	7 2 2
	6 1 2
10#############
10 2
11 1
12 2
13 1
	*** 13 1 1
13 0
	*** 13 0 0
13 2
	*** 13 2 0
	12 2 1
	11 1 1
11 0
12 1
13 2
	*** 13 2 0
	12 1 1
12 2
13 1
	*** 13 1 1
13 0
	*** 13 0 0
13 2
	*** 13 2 0
	12 2 1
	11 0 1
11 2
12 1
13 2
	*** 13 2 0
	12 1 1
12 0
13 1
	*** 13 1 1
13 2
	*** 13 2 0
	12 0 1
12 2
13 1
	*** 13 1 1
13 0
	*** 13 0 0
13 2
	*** 13 2 0
	12 2 1
	11 2 2
	10 2 2
10 1
11 2
12 1
13 2
	*** 13 2 0
	12 1 1
12 0
13 1
	*** 13 1 1
13 2
	*** 13 2 0
	12 0 1
12 2
13 1
	*** 13 1 1
13 0
	*** 13 0 0
13 2
	*** 13 2 0
	12 2 1
	11 2 2
	10 1 2
10 2
11 1
12 2
13 1
	*** 13 1 1
13 0
	*** 13 0 0
13 2
	*** 13 2 0
	12 2 1
	11 1 1
11 0
12 1
13 2
	*** 13 2 0
	12 1 1
12 2
13 1
	*** 13 1 1
13 0
	*** 13 0 0
13 2
	*** 13 2 0
	12 2 1
	11 0 1
11 2
12 1
13 2
	*** 13 2 0
	12 1 1
12 0
13 1
	*** 13 1 1
13 2
	*** 13 2 0
	12 0 1
12 2
13 1
	*** 13 1 1
13 0
	*** 13 0 0
13 2
	*** 13 2 0
	12 2 1
	11 2 2
	10 2 2
	3 1 4
3 0
6 1
7 2
8 1
9 2
	*** 9 2 0
	8 1 1
8 0
9 1
	*** 9 1 1
9 2
	*** 9 2 0
	8 0 1
8 2
9 1
	*** 9 1 1
9 0
	*** 9 0 0
9 2
	*** 9 2 0
	8 2 1
	7 2 2
	6 1 2
6 2
7 1
8 2
9 1
	*** 9 1 1
9 0
	*** 9 0 0
9 2
	*** 9 2 0
	8 2 1
	7 1 1
7 0
8 1
9 2
	*** 9 2 0
	8 1 1
8 2
9 1
	*** 9 1 1
9 0
	*** 9 0 0
9 2
	*** 9 2 0
	8 2 1
	7 0 1
7 2
8 1
9 2
	*** 9 2 0
	8 1 1
8 0
9 1
	*** 9 1 1
9 2
	*** 9 2 0
	8 0 1
8 2
9 1
	*** 9 1 1
9 0
	*** 9 0 0
9 2
	*** 9 2 0
	8 2 1
	7 2 2
	6 2 2
10 1
11 2
12 1
13 2
	*** 13 2 0
	12 1 1
12 0
13 1
	*** 13 1 1
13 2
	*** 13 2 0
	12 0 1
12 2
13 1
	*** 13 1 1
13 0
	*** 13 0 0
13 2
	*** 13 2 0
	12 2 1
	11 2 2
	10 1 2
10 2
11 1
12 2
13 1
	*** 13 1 1
13 0
	*** 13 0 0
13 2
	*** 13 2 0
	12 2 1
	11 1 1
11 0
12 1
13 2
	*** 13 2 0
	12 1 1
12 2
13 1
	*** 13 1 1
13 0
	*** 13 0 0
13 2
	*** 13 2 0
	12 2 1
	11 0 1
11 2
12 1
13 2
	*** 13 2 0
	12 1 1
12 0
13 1
	*** 13 1 1
13 2
	*** 13 2 0
	12 0 1
12 2
13 1
	*** 13 1 1
13 0
	*** 13 0 0
13 2
	*** 13 2 0
	12 2 1
	11 2 2
	10 2 2
	3 0 4
3 2
6 1
7 2
8 1
9 2
	*** 9 2 0
	8 1 1
8 0
9 1
	*** 9 1 1
9 2
	*** 9 2 0
	8 0 1
8 2
9 1
	*** 9 1 1
9 0
	*** 9 0 0
9 2
	*** 9 2 0
	8 2 1
	7 2 2
	6 1 2
6 0
7 1
8 2
9 1
	*** 9 1 1
9 0
	*** 9 0 0
9 2
	*** 9 2 0
	8 2 1
	7 1 1
7 2
8 1
9 2
	*** 9 2 0
	8 1 1
8 0
9 1
	*** 9 1 1
9 2
	*** 9 2 0
	8 0 1
8 2
9 1
	*** 9 1 1
9 0
	*** 9 0 0
9 2
	*** 9 2 0
	8 2 1
	7 2 2
	6 0 1
6 2
7 1
8 2
9 1
	*** 9 1 1
9 0
	*** 9 0 0
9 2
	*** 9 2 0
	8 2 1
	7 1 1
7 0
8 1
9 2
	*** 9 2 0
	8 1 1
8 2
9 1
	*** 9 1 1
9 0
	*** 9 0 0
9 2
	*** 9 2 0
	8 2 1
	7 0 1
7 2
8 1
9 2
	*** 9 2 0
	8 1 1
8 0
9 1
	*** 9 1 1
9 2
	*** 9 2 0
	8 0 1
8 2
9 1
	*** 9 1 1
9 0
	*** 9 0 0
9 2
	*** 9 2 0
	8 2 1
	7 2 2
	6 2 2
10 1
11 2
12 1
13 2
	*** 13 2 0
	12 1 1
12 0
13 1
	*** 13 1 1
13 2
	*** 13 2 0
	12 0 1
12 2
13 1
	*** 13 1 1
13 0
	*** 13 0 0
13 2
	*** 13 2 0
	12 2 1
	11 2 2
	10 1 2
10 0
11 1
12 2
13 1
	*** 13 1 1
13 0
	*** 13 0 0
13 2
	*** 13 2 0
	12 2 1
	11 1 1
11 2
12 1
13 2
	*** 13 2 0
	12 1 1
12 0
13 1
	*** 13 1 1
13 2
	*** 13 2 0
	12 0 1
12 2
13 1
	*** 13 1 1
13 0
	*** 13 0 0
13 2
	*** 13 2 0
	12 2 1
	11 2 2
	10 0 1
10 2
11 1
12 2
13 1
	*** 13 1 1
13 0
	*** 13 0 0
13 2
	*** 13 2 0
	12 2 1
	11 1 1
11 0
12 1
13 2
	*** 13 2 0
	12 1 1
12 2
13 1
	*** 13 1 1
13 0
	*** 13 0 0
13 2
	*** 13 2 0
	12 2 1
	11 0 1
11 2
12 1
13 2
	*** 13 2 0
	12 1 1
12 0
13 1
	*** 13 1 1
13 2
	*** 13 2 0
	12 0 1
12 2
13 1
	*** 13 1 1
13 0
	*** 13 0 0
13 2
	*** 13 2 0
	12 2 1
	11 2 2
	10 2 2
	3 2 3
	2 2 4
2 2
3 1
6#############
6 2
7 1
8 2
9 1
	*** 9 1 1
9 0
	*** 9 0 0
9 2
	*** 9 2 0
	8 2 1
	7 1 1
7 0
8 1
9 2
	*** 9 2 0
	8 1 1
8 2
9 1
	*** 9 1 1
9 0
	*** 9 0 0
9 2
	*** 9 2 0
	8 2 1
	7 0 1
7 2
8 1
9 2
	*** 9 2 0
	8 1 1
8 0
9 1
	*** 9 1 1
9 2
	*** 9 2 0
	8 0 1
8 2
9 1
	*** 9 1 1
9 0
	*** 9 0 0
9 2
	*** 9 2 0
	8 2 1
	7 2 2
	6 2 2
6 2
7 1
8 2
9 1
	*** 9 1 1
9 0
	*** 9 0 0
9 2
	*** 9 2 0
	8 2 1
	7 1 1
7 0
8 1
9 2
	*** 9 2 0
	8 1 1
8 2
9 1
	*** 9 1 1
9 0
	*** 9 0 0
9 2
	*** 9 2 0
	8 2 1
	7 0 1
7 2
8 1
9 2
	*** 9 2 0
	8 1 1
8 0
9 1
	*** 9 1 1
9 2
	*** 9 2 0
	8 0 1
8 2
9 1
	*** 9 1 1
9 0
	*** 9 0 0
9 2
	*** 9 2 0
	8 2 1
	7 2 2
	6 2 2
6 1
7 2
8 1
9 2
	*** 9 2 0
	8 1 1
8 0
9 1
	*** 9 1 1
9 2
	*** 9 2 0
	8 0 1
8 2
9 1
	*** 9 1 1
9 0
	*** 9 0 0
9 2
	*** 9 2 0
	8 2 1
	7 2 2
	6 1 2
10#############
10 2
11 1
12 2
13 1
	*** 13 1 1
13 0
	*** 13 0 0
13 2
	*** 13 2 0
	12 2 1
	11 1 1
11 0
12 1
13 2
	*** 13 2 0
	12 1 1
12 2
13 1
	*** 13 1 1
13 0
	*** 13 0 0
13 2
	*** 13 2 0
	12 2 1
	11 0 1
11 2
12 1
13 2
	*** 13 2 0
	12 1 1
12 0
13 1
	*** 13 1 1
13 2
	*** 13 2 0
	12 0 1
12 2
13 1
	*** 13 1 1
13 0
	*** 13 0 0
13 2
	*** 13 2 0
	12 2 1
	11 2 2
	10 2 2
10 1
11 2
12 1
13 2
	*** 13 2 0
	12 1 1
12 0
13 1
	*** 13 1 1
13 2
	*** 13 2 0
	12 0 1
12 2
13 1
	*** 13 1 1
13 0
	*** 13 0 0
13 2
	*** 13 2 0
	12 2 1
	11 2 2
	10 1 2
10 2
11 1
12 2
13 1
	*** 13 1 1
13 0
	*** 13 0 0
13 2
	*** 13 2 0
	12 2 1
	11 1 1
11 0
12 1
13 2
	*** 13 2 0
	12 1 1
12 2
13 1
	*** 13 1 1
13 0
	*** 13 0 0
13 2
	*** 13 2 0
	12 2 1
	11 0 1
11 2
12 1
13 2
	*** 13 2 0
	12 1 1
12 0
13 1
	*** 13 1 1
13 2
	*** 13 2 0
	12 0 1
12 2
13 1
	*** 13 1 1
13 0
	*** 13 0 0
13 2
	*** 13 2 0
	12 2 1
	11 2 2
	10 2 2
	3 1 4
3 0
6 1
7 2
8 1
9 2
	*** 9 2 0
	8 1 1
8 0
9 1
	*** 9 1 1
9 2
	*** 9 2 0
	8 0 1
8 2
9 1
	*** 9 1 1
9 0
	*** 9 0 0
9 2
	*** 9 2 0
	8 2 1
	7 2 2
	6 1 2
6 2
7 1
8 2
9 1
	*** 9 1 1
9 0
	*** 9 0 0
9 2
	*** 9 2 0
	8 2 1
	7 1 1
7 0
8 1
9 2
	*** 9 2 0
	8 1 1
8 2
9 1
	*** 9 1 1
9 0
	*** 9 0 0
9 2
	*** 9 2 0
	8 2 1
	7 0 1
7 2
8 1
9 2
	*** 9 2 0
	8 1 1
8 0
9 1
	*** 9 1 1
9 2
	*** 9 2 0
	8 0 1
8 2
9 1
	*** 9 1 1
9 0
	*** 9 0 0
9 2
	*** 9 2 0
	8 2 1
	7 2 2
	6 2 2
10 1
11 2
12 1
13 2
	*** 13 2 0
	12 1 1
12 0
13 1
	*** 13 1 1
13 2
	*** 13 2 0
	12 0 1
12 2
13 1
	*** 13 1 1
13 0
	*** 13 0 0
13 2
	*** 13 2 0
	12 2 1
	11 2 2
	10 1 2
10 2
11 1
12 2
13 1
	*** 13 1 1
13 0
	*** 13 0 0
13 2
	*** 13 2 0
	12 2 1
	11 1 1
11 0
12 1
13 2
	*** 13 2 0
	12 1 1
12 2
13 1
	*** 13 1 1
13 0
	*** 13 0 0
13 2
	*** 13 2 0
	12 2 1
	11 0 1
11 2
12 1
13 2
	*** 13 2 0
	12 1 1
12 0
13 1
	*** 13 1 1
13 2
	*** 13 2 0
	12 0 1
12 2
13 1
	*** 13 1 1
13 0
	*** 13 0 0
13 2
	*** 13 2 0
	12 2 1
	11 2 2
	10 2 2
	3 0 4
3 2
6 1
7 2
8 1
9 2
	*** 9 2 0
	8 1 1
8 0
9 1
	*** 9 1 1
9 2
	*** 9 2 0
	8 0 1
8 2
9 1
	*** 9 1 1
9 0
	*** 9 0 0
9 2
	*** 9 2 0
	8 2 1
	7 2 2
	6 1 2
6 0
7 1
8 2
9 1
	*** 9 1 1
9 0
	*** 9 0 0
9 2
	*** 9 2 0
	8 2 1
	7 1 1
7 2
8 1
9 2
	*** 9 2 0
	8 1 1
8 0
9 1
	*** 9 1 1
9 2
	*** 9 2 0
	8 0 1
8 2
9 1
	*** 9 1 1
9 0
	*** 9 0 0
9 2
	*** 9 2 0
	8 2 1
	7 2 2
	6 0 1
6 2
7 1
8 2
9 1
	*** 9 1 1
9 0
	*** 9 0 0
9 2
	*** 9 2 0
	8 2 1
	7 1 1
7 0
8 1
9 2
	*** 9 2 0
	8 1 1
8 2
9 1
	*** 9 1 1
9 0
	*** 9 0 0
9 2
	*** 9 2 0
	8 2 1
	7 0 1
7 2
8 1
9 2
	*** 9 2 0
	8 1 1
8 0
9 1
	*** 9 1 1
9 2
	*** 9 2 0
	8 0 1
8 2
9 1
	*** 9 1 1
9 0
	*** 9 0 0
9 2
	*** 9 2 0
	8 2 1
	7 2 2
	6 2 2
10 1
11 2
12 1
13 2
	*** 13 2 0
	12 1 1
12 0
13 1
	*** 13 1 1
13 2
	*** 13 2 0
	12 0 1
12 2
13 1
	*** 13 1 1
13 0
	*** 13 0 0
13 2
	*** 13 2 0
	12 2 1
	11 2 2
	10 1 2
10 0
11 1
12 2
13 1
	*** 13 1 1
13 0
	*** 13 0 0
13 2
	*** 13 2 0
	12 2 1
	11 1 1
11 2
12 1
13 2
	*** 13 2 0
	12 1 1
12 0
13 1
	*** 13 1 1
13 2
	*** 13 2 0
	12 0 1
12 2
13 1
	*** 13 1 1
13 0
	*** 13 0 0
13 2
	*** 13 2 0
	12 2 1
	11 2 2
	10 0 1
10 2
11 1
12 2
13 1
	*** 13 1 1
13 0
	*** 13 0 0
13 2
	*** 13 2 0
	12 2 1
	11 1 1
11 0
12 1
13 2
	*** 13 2 0
	12 1 1
12 2
13 1
	*** 13 1 1
13 0
	*** 13 0 0
13 2
	*** 13 2 0
	12 2 1
	11 0 1
11 2
12 1
13 2
	*** 13 2 0
	12 1 1
12 0
13 1
	*** 13 1 1
13 2
	*** 13 2 0
	12 0 1
12 2
13 1
	*** 13 1 1
13 0
	*** 13 0 0
13 2
	*** 13 2 0
	12 2 1
	11 2 2
	10 2 2
	3 2 3
	2 2 4
2 1
3 2
6 1
7 2
8 1
9 2
	*** 9 2 0
	8 1 1
8 0
9 1
	*** 9 1 1
9 2
	*** 9 2 0
	8 0 1
8 2
9 1
	*** 9 1 1
9 0
	*** 9 0 0
9 2
	*** 9 2 0
	8 2 1
	7 2 2
	6 1 2
6 0
7 1
8 2
9 1
	*** 9 1 1
9 0
	*** 9 0 0
9 2
	*** 9 2 0
	8 2 1
	7 1 1
7 2
8 1
9 2
	*** 9 2 0
	8 1 1
8 0
9 1
	*** 9 1 1
9 2
	*** 9 2 0
	8 0 1
8 2
9 1
	*** 9 1 1
9 0
	*** 9 0 0
9 2
	*** 9 2 0
	8 2 1
	7 2 2
	6 0 1
6 2
7 1
8 2
9 1
	*** 9 1 1
9 0
	*** 9 0 0
9 2
	*** 9 2 0
	8 2 1
	7 1 1
7 0
8 1
9 2
	*** 9 2 0
	8 1 1
8 2
9 1
	*** 9 1 1
9 0
	*** 9 0 0
9 2
	*** 9 2 0
	8 2 1
	7 0 1
7 2
8 1
9 2
	*** 9 2 0
	8 1 1
8 0
9 1
	*** 9 1 1
9 2
	*** 9 2 0
	8 0 1
8 2
9 1
	*** 9 1 1
9 0
	*** 9 0 0
9 2
	*** 9 2 0
	8 2 1
	7 2 2
	6 2 2
10 1
11 2
12 1
13 2
	*** 13 2 0
	12 1 1
12 0
13 1
	*** 13 1 1
13 2
	*** 13 2 0
	12 0 1
12 2
13 1
	*** 13 1 1
13 0
	*** 13 0 0
13 2
	*** 13 2 0
	12 2 1
	11 2 2
	10 1 2
10 0
11 1
12 2
13 1
	*** 13 1 1
13 0
	*** 13 0 0
13 2
	*** 13 2 0
	12 2 1
	11 1 1
11 2
12 1
13 2
	*** 13 2 0
	12 1 1
12 0
13 1
	*** 13 1 1
13 2
	*** 13 2 0
	12 0 1
12 2
13 1
	*** 13 1 1
13 0
	*** 13 0 0
13 2
	*** 13 2 0
	12 2 1
	11 2 2
	10 0 1
10 2
11 1
12 2
13 1
	*** 13 1 1
13 0
	*** 13 0 0
13 2
	*** 13 2 0
	12 2 1
	11 1 1
11 0
12 1
13 2
	*** 13 2 0
	12 1 1
12 2
13 1
	*** 13 1 1
13 0
	*** 13 0 0
13 2
	*** 13 2 0
	12 2 1
	11 0 1
11 2
12 1
13 2
	*** 13 2 0
	12 1 1
12 0
13 1
	*** 13 1 1
13 2
	*** 13 2 0
	12 0 1
12 2
13 1
	*** 13 1 1
13 0
	*** 13 0 0
13 2
	*** 13 2 0
	12 2 1
	11 2 2
	10 2 2
	3 2 3
	2 1 3
5 2
4 1
	*** 4 1 1
4 0
	*** 4 0 0
4 2
	*** 4 2 0
	5 2 1
5 1
4 2
	*** 4 2 0
	5 1 1
5 2
4 1
	*** 4 1 1
4 0
	*** 4 0 0
4 2
	*** 4 2 0
	5 2 1
	1 1 2
1 2
2 1
3 2
6 1
7 2
8 1
9 2
	*** 9 2 0
	8 1 1
8 0
9 1
	*** 9 1 1
9 2
	*** 9 2 0
	8 0 1
8 2
9 1
	*** 9 1 1
9 0
	*** 9 0 0
9 2
	*** 9 2 0
	8 2 1
	7 2 2
	6 1 2
6 0
7 1
8 2
9 1
	*** 9 1 1
9 0
	*** 9 0 0
9 2
	*** 9 2 0
	8 2 1
	7 1 1
7 2
8 1
9 2
	*** 9 2 0
	8 1 1
8 0
9 1
	*** 9 1 1
9 2
	*** 9 2 0
	8 0 1
8 2
9 1
	*** 9 1 1
9 0
	*** 9 0 0
9 2
	*** 9 2 0
	8 2 1
	7 2 2
	6 0 1
6 2
7 1
8 2
9 1
	*** 9 1 1
9 0
	*** 9 0 0
9 2
	*** 9 2 0
	8 2 1
	7 1 1
7 0
8 1
9 2
	*** 9 2 0
	8 1 1
8 2
9 1
	*** 9 1 1
9 0
	*** 9 0 0
9 2
	*** 9 2 0
	8 2 1
	7 0 1
7 2
8 1
9 2
	*** 9 2 0
	8 1 1
8 0
9 1
	*** 9 1 1
9 2
	*** 9 2 0
	8 0 1
8 2
9 1
	*** 9 1 1
9 0
	*** 9 0 0
9 2
	*** 9 2 0
	8 2 1
	7 2 2
	6 2 2
10 1
11 2
12 1
13 2
	*** 13 2 0
	12 1 1
12 0
13 1
	*** 13 1 1
13 2
	*** 13 2 0
	12 0 1
12 2
13 1
	*** 13 1 1
13 0
	*** 13 0 0
13 2
	*** 13 2 0
	12 2 1
	11 2 2
	10 1 2
10 0
11 1
12 2
13 1
	*** 13 1 1
13 0
	*** 13 0 0
13 2
	*** 13 2 0
	12 2 1
	11 1 1
11 2
12 1
13 2
	*** 13 2 0
	12 1 1
12 0
13 1
	*** 13 1 1
13 2
	*** 13 2 0
	12 0 1
12 2
13 1
	*** 13 1 1
13 0
	*** 13 0 0
13 2
	*** 13 2 0
	12 2 1
	11 2 2
	10 0 1
10 2
11 1
12 2
13 1
	*** 13 1 1
13 0
	*** 13 0 0
13 2
	*** 13 2 0
	12 2 1
	11 1 1
11 0
12 1
13 2
	*** 13 2 0
	12 1 1
12 2
13 1
	*** 13 1 1
13 0
	*** 13 0 0
13 2
	*** 13 2 0
	12 2 1
	11 0 1
11 2
12 1
13 2
	*** 13 2 0
	12 1 1
12 0
13 1
	*** 13 1 1
13 2
	*** 13 2 0
	12 0 1
12 2
13 1
	*** 13 1 1
13 0
	*** 13 0 0
13 2
	*** 13 2 0
	12 2 1
	11 2 2
	10 2 2
	3 2 3
	2 1 3
2 0
3 1
6#############
6 2
7 1
8 2
9 1
	*** 9 1 1
9 0
	*** 9 0 0
9 2
	*** 9 2 0
	8 2 1
	7 1 1
7 0
8 1
9 2
	*** 9 2 0
	8 1 1
8 2
9 1
	*** 9 1 1
9 0
	*** 9 0 0
9 2
	*** 9 2 0
	8 2 1
	7 0 1
7 2
8 1
9 2
	*** 9 2 0
	8 1 1
8 0
9 1
	*** 9 1 1
9 2
	*** 9 2 0
	8 0 1
8 2
9 1
	*** 9 1 1
9 0
	*** 9 0 0
9 2
	*** 9 2 0
	8 2 1
	7 2 2
	6 2 2
6 2
7 1
8 2
9 1
	*** 9 1 1
9 0
	*** 9 0 0
9 2
	*** 9 2 0
	8 2 1
	7 1 1
7 0
8 1
9 2
	*** 9 2 0
	8 1 1
8 2
9 1
	*** 9 1 1
9 0
	*** 9 0 0
9 2
	*** 9 2 0
	8 2 1
	7 0 1
7 2
8 1
9 2
	*** 9 2 0
	8 1 1
8 0
9 1
	*** 9 1 1
9 2
	*** 9 2 0
	8 0 1
8 2
9 1
	*** 9 1 1
9 0
	*** 9 0 0
9 2
	*** 9 2 0
	8 2 1
	7 2 2
	6 2 2
6 1
7 2
8 1
9 2
	*** 9 2 0
	8 1 1
8 0
9 1
	*** 9 1 1
9 2
	*** 9 2 0
	8 0 1
8 2
9 1
	*** 9 1 1
9 0
	*** 9 0 0
9 2
	*** 9 2 0
	8 2 1
	7 2 2
	6 1 2
10#############
10 2
11 1
12 2
13 1
	*** 13 1 1
13 0
	*** 13 0 0
13 2
	*** 13 2 0
	12 2 1
	11 1 1
11 0
12 1
13 2
	*** 13 2 0
	12 1 1
12 2
13 1
	*** 13 1 1
13 0
	*** 13 0 0
13 2
	*** 13 2 0
	12 2 1
	11 0 1
11 2
12 1
13 2
	*** 13 2 0
	12 1 1
12 0
13 1
	*** 13 1 1
13 2
	*** 13 2 0
	12 0 1
12 2
13 1
	*** 13 1 1
13 0
	*** 13 0 0
13 2
	*** 13 2 0
	12 2 1
	11 2 2
	10 2 2
10 1
11 2
12 1
13 2
	*** 13 2 0
	12 1 1
12 0
13 1
	*** 13 1 1
13 2
	*** 13 2 0
	12 0 1
12 2
13 1
	*** 13 1 1
13 0
	*** 13 0 0
13 2
	*** 13 2 0
	12 2 1
	11 2 2
	10 1 2
10 2
11 1
12 2
13 1
	*** 13 1 1
13 0
	*** 13 0 0
13 2
	*** 13 2 0
	12 2 1
	11 1 1
11 0
12 1
13 2
	*** 13 2 0
	12 1 1
12 2
13 1
	*** 13 1 1
13 0
	*** 13 0 0
13 2
	*** 13 2 0
	12 2 1
	11 0 1
11 2
12 1
13 2
	*** 13 2 0
	12 1 1
12 0
13 1
	*** 13 1 1
13 2
	*** 13 2 0
	12 0 1
12 2
13 1
	*** 13 1 1
13 0
	*** 13 0 0
13 2
	*** 13 2 0
	12 2 1
	11 2 2
	10 2 2
	3 1 4
3 2
6 1
7 2
8 1
9 2
	*** 9 2 0
	8 1 1
8 0
9 1
	*** 9 1 1
9 2
	*** 9 2 0
	8 0 1
8 2
9 1
	*** 9 1 1
9 0
	*** 9 0 0
9 2
	*** 9 2 0
	8 2 1
	7 2 2
	6 1 2
6 0
7 1
8 2
9 1
	*** 9 1 1
9 0
	*** 9 0 0
9 2
	*** 9 2 0
	8 2 1
	7 1 1
7 2
8 1
9 2
	*** 9 2 0
	8 1 1
8 0
9 1
	*** 9 1 1
9 2
	*** 9 2 0
	8 0 1
8 2
9 1
	*** 9 1 1
9 0
	*** 9 0 0
9 2
	*** 9 2 0
	8 2 1
	7 2 2
	6 0 1
6 2
7 1
8 2
9 1
	*** 9 1 1
9 0
	*** 9 0 0
9 2
	*** 9 2 0
	8 2 1
	7 1 1
7 0
8 1
9 2
	*** 9 2 0
	8 1 1
8 2
9 1
	*** 9 1 1
9 0
	*** 9 0 0
9 2
	*** 9 2 0
	8 2 1
	7 0 1
7 2
8 1
9 2
	*** 9 2 0
	8 1 1
8 0
9 1
	*** 9 1 1
9 2
	*** 9 2 0
	8 0 1
8 2
9 1
	*** 9 1 1
9 0
	*** 9 0 0
9 2
	*** 9 2 0
	8 2 1
	7 2 2
	6 2 2
10 1
11 2
12 1
13 2
	*** 13 2 0
	12 1 1
12 0
13 1
	*** 13 1 1
13 2
	*** 13 2 0
	12 0 1
12 2
13 1
	*** 13 1 1
13 0
	*** 13 0 0
13 2
	*** 13 2 0
	12 2 1
	11 2 2
	10 1 2
10 0
11 1
12 2
13 1
	*** 13 1 1
13 0
	*** 13 0 0
13 2
	*** 13 2 0
	12 2 1
	11 1 1
11 2
12 1
13 2
	*** 13 2 0
	12 1 1
12 0
13 1
	*** 13 1 1
13 2
	*** 13 2 0
	12 0 1
12 2
13 1
	*** 13 1 1
13 0
	*** 13 0 0
13 2
	*** 13 2 0
	12 2 1
	11 2 2
	10 0 1
10 2
11 1
12 2
13 1
	*** 13 1 1
13 0
	*** 13 0 0
13 2
	*** 13 2 0
	12 2 1
	11 1 1
11 0
12 1
13 2
	*** 13 2 0
	12 1 1
12 2
13 1
	*** 13 1 1
13 0
	*** 13 0 0
13 2
	*** 13 2 0
	12 2 1
	11 0 1
11 2
12 1
13 2
	*** 13 2 0
	12 1 1
12 0
13 1
	*** 13 1 1
13 2
	*** 13 2 0
	12 0 1
12 2
13 1
	*** 13 1 1
13 0
	*** 13 0 0
13 2
	*** 13 2 0
	12 2 1
	11 2 2
	10 2 2
	3 2 3
	2 0 4
2 2
3 1
6#############
6 2
7 1
8 2
9 1
	*** 9 1 1
9 0
	*** 9 0 0
9 2
	*** 9 2 0
	8 2 1
	7 1 1
7 0
8 1
9 2
	*** 9 2 0
	8 1 1
8 2
9 1
	*** 9 1 1
9 0
	*** 9 0 0
9 2
	*** 9 2 0
	8 2 1
	7 0 1
7 2
8 1
9 2
	*** 9 2 0
	8 1 1
8 0
9 1
	*** 9 1 1
9 2
	*** 9 2 0
	8 0 1
8 2
9 1
	*** 9 1 1
9 0
	*** 9 0 0
9 2
	*** 9 2 0
	8 2 1
	7 2 2
	6 2 2
6 2
7 1
8 2
9 1
	*** 9 1 1
9 0
	*** 9 0 0
9 2
	*** 9 2 0
	8 2 1
	7 1 1
7 0
8 1
9 2
	*** 9 2 0
	8 1 1
8 2
9 1
	*** 9 1 1
9 0
	*** 9 0 0
9 2
	*** 9 2 0
	8 2 1
	7 0 1
7 2
8 1
9 2
	*** 9 2 0
	8 1 1
8 0
9 1
	*** 9 1 1
9 2
	*** 9 2 0
	8 0 1
8 2
9 1
	*** 9 1 1
9 0
	*** 9 0 0
9 2
	*** 9 2 0
	8 2 1
	7 2 2
	6 2 2
6 1
7 2
8 1
9 2
	*** 9 2 0
	8 1 1
8 0
9 1
	*** 9 1 1
9 2
	*** 9 2 0
	8 0 1
8 2
9 1
	*** 9 1 1
9 0
	*** 9 0 0
9 2
	*** 9 2 0
	8 2 1
	7 2 2
	6 1 2
10#############
10 2
11 1
12 2
13 1
	*** 13 1 1
13 0
	*** 13 0 0
13 2
	*** 13 2 0
	12 2 1
	11 1 1
11 0
12 1
13 2
	*** 13 2 0
	12 1 1
12 2
13 1
	*** 13 1 1
13 0
	*** 13 0 0
13 2
	*** 13 2 0
	12 2 1
	11 0 1
11 2
12 1
13 2
	*** 13 2 0
	12 1 1
12 0
13 1
	*** 13 1 1
13 2
	*** 13 2 0
	12 0 1
12 2
13 1
	*** 13 1 1
13 0
	*** 13 0 0
13 2
	*** 13 2 0
	12 2 1
	11 2 2
	10 2 2
10 1
11 2
12 1
13 2
	*** 13 2 0
	12 1 1
12 0
13 1
	*** 13 1 1
13 2
	*** 13 2 0
	12 0 1
12 2
13 1
	*** 13 1 1
13 0
	*** 13 0 0
13 2
	*** 13 2 0
	12 2 1
	11 2 2
	10 1 2
10 2
11 1
12 2
13 1
	*** 13 1 1
13 0
	*** 13 0 0
13 2
	*** 13 2 0
	12 2 1
	11 1 1
11 0
12 1
13 2
	*** 13 2 0
	12 1 1
12 2
13 1
	*** 13 1 1
13 0
	*** 13 0 0
13 2
	*** 13 2 0
	12 2 1
	11 0 1
11 2
12 1
13 2
	*** 13 2 0
	12 1 1
12 0
13 1
	*** 13 1 1
13 2
	*** 13 2 0
	12 0 1
12 2
13 1
	*** 13 1 1
13 0
	*** 13 0 0
13 2
	*** 13 2 0
	12 2 1
	11 2 2
	10 2 2
	3 1 4
3 0
6 1
7 2
8 1
9 2
	*** 9 2 0
	8 1 1
8 0
9 1
	*** 9 1 1
9 2
	*** 9 2 0
	8 0 1
8 2
9 1
	*** 9 1 1
9 0
	*** 9 0 0
9 2
	*** 9 2 0
	8 2 1
	7 2 2
	6 1 2
6 2
7 1
8 2
9 1
	*** 9 1 1
9 0
	*** 9 0 0
9 2
	*** 9 2 0
	8 2 1
	7 1 1
7 0
8 1
9 2
	*** 9 2 0
	8 1 1
8 2
9 1
	*** 9 1 1
9 0
	*** 9 0 0
9 2
	*** 9 2 0
	8 2 1
	7 0 1
7 2
8 1
9 2
	*** 9 2 0
	8 1 1
8 0
9 1
	*** 9 1 1
9 2
	*** 9 2 0
	8 0 1
8 2
9 1
	*** 9 1 1
9 0
	*** 9 0 0
9 2
	*** 9 2 0
	8 2 1
	7 2 2
	6 2 2
10 1
11 2
12 1
13 2
	*** 13 2 0
	12 1 1
12 0
13 1
	*** 13 1 1
13 2
	*** 13 2 0
	12 0 1
12 2
13 1
	*** 13 1 1
13 0
	*** 13 0 0
13 2
	*** 13 2 0
	12 2 1
	11 2 2
	10 1 2
10 2
11 1
12 2
13 1
	*** 13 1 1
13 0
	*** 13 0 0
13 2
	*** 13 2 0
	12 2 1
	11 1 1
11 0
12 1
13 2
	*** 13 2 0
	12 1 1
12 2
13 1
	*** 13 1 1
13 0
	*** 13 0 0
13 2
	*** 13 2 0
	12 2 1
	11 0 1
11 2
12 1
13 2
	*** 13 2 0
	12 1 1
12 0
13 1
	*** 13 1 1
13 2
	*** 13 2 0
	12 0 1
12 2
13 1
	*** 13 1 1
13 0
	*** 13 0 0
13 2
	*** 13 2 0
	12 2 1
	11 2 2
	10 2 2
	3 0 4
3 2
6 1
7 2
8 1
9 2
	*** 9 2 0
	8 1 1
8 0
9 1
	*** 9 1 1
9 2
	*** 9 2 0
	8 0 1
8 2
9 1
	*** 9 1 1
9 0
	*** 9 0 0
9 2
	*** 9 2 0
	8 2 1
	7 2 2
	6 1 2
6 0
7 1
8 2
9 1
	*** 9 1 1
9 0
	*** 9 0 0
9 2
	*** 9 2 0
	8 2 1
	7 1 1
7 2
8 1
9 2
	*** 9 2 0
	8 1 1
8 0
9 1
	*** 9 1 1
9 2
	*** 9 2 0
	8 0 1
8 2
9 1
	*** 9 1 1
9 0
	*** 9 0 0
9 2
	*** 9 2 0
	8 2 1
	7 2 2
	6 0 1
6 2
7 1
8 2
9 1
	*** 9 1 1
9 0
	*** 9 0 0
9 2
	*** 9 2 0
	8 2 1
	7 1 1
7 0
8 1
9 2
	*** 9 2 0
	8 1 1
8 2
9 1
	*** 9 1 1
9 0
	*** 9 0 0
9 2
	*** 9 2 0
	8 2 1
	7 0 1
7 2
8 1
9 2
	*** 9 2 0
	8 1 1
8 0
9 1
	*** 9 1 1
9 2
	*** 9 2 0
	8 0 1
8 2
9 1
	*** 9 1 1
9 0
	*** 9 0 0
9 2
	*** 9 2 0
	8 2 1
	7 2 2
	6 2 2
10 1
11 2
12 1
13 2
	*** 13 2 0
	12 1 1
12 0
13 1
	*** 13 1 1
13 2
	*** 13 2 0
	12 0 1
12 2
13 1
	*** 13 1 1
13 0
	*** 13 0 0
13 2
	*** 13 2 0
	12 2 1
	11 2 2
	10 1 2
10 0
11 1
12 2
13 1
	*** 13 1 1
13 0
	*** 13 0 0
13 2
	*** 13 2 0
	12 2 1
	11 1 1
11 2
12 1
13 2
	*** 13 2 0
	12 1 1
12 0
13 1
	*** 13 1 1
13 2
	*** 13 2 0
	12 0 1
12 2
13 1
	*** 13 1 1
13 0
	*** 13 0 0
13 2
	*** 13 2 0
	12 2 1
	11 2 2
	10 0 1
10 2
11 1
12 2
13 1
	*** 13 1 1
13 0
	*** 13 0 0
13 2
	*** 13 2 0
	12 2 1
	11 1 1
11 0
12 1
13 2
	*** 13 2 0
	12 1 1
12 2
13 1
	*** 13 1 1
13 0
	*** 13 0 0
13 2
	*** 13 2 0
	12 2 1
	11 0 1
11 2
12 1
13 2
	*** 13 2 0
	12 1 1
12 0
13 1
	*** 13 1 1
13 2
	*** 13 2 0
	12 0 1
12 2
13 1
	*** 13 1 1
13 0
	*** 13 0 0
13 2
	*** 13 2 0
	12 2 1
	11 2 2
	10 2 2
	3 2 3
	2 2 4
5 1
4 2
	*** 4 2 0
	5 1 1
5 0
4 1
	*** 4 1 1
4 2
	*** 4 2 0
	5 0 1
5 2
4 1
	*** 4 1 1
4 0
	*** 4 0 0
4 2
	*** 4 2 0
	5 2 1
	1 2 5
